[Header]
; MPMS3 Data File (default extension .dat)
; Copyright (c) 2007, Quantum Design, Inc. All rights reserved.
TITLE,
FILEOPENTIME,3986565764.88188,04/28/2026,7:22 pm
BYAPP,MPMS3,1.0,1.1
INFO,MPMS3 Measurement Release 1.1.16 Build 419, MultiVu Release 2.3.4.15,APPNAME
INFO,Linear Motor Servo Controller,MOTOR_MODULE_NAME
INFO,3101-100 M1,MOTOR_HW_VERSION
INFO,MMC936,MOTOR_SERIAL_NUMBER
INFO,01.04.28,MOTOR_SOFTWARE_VERSION
INFO,Quantum Design Squid Module,SQUID_MODULE_NAME
INFO,3101-501 B0,SQUID_HW_VERSION
INFO,SQD012,SQUID_SERIAL_NUMBER
INFO,01.03.04,SQUID_SOFTWARE_VERSION
INFO,TCI245,COIL_SERIAL_NUMBER
INFO,0,MOMENT_UNITS
INFO,MnF2,SAMPLE_MATERIAL
INFO,,SAMPLE_COMMENT
INFO,,SAMPLE_MASS
INFO,,SAMPLE_VOLUME
INFO,,SAMPLE_MOLECULAR_WEIGHT
INFO,,SAMPLE_SIZE
INFO,,SAMPLE_SHAPE
INFO,Straw,SAMPLE_HOLDER
INFO,Standard,SAMPLE_HOLDER_DETAIL
INFO,67.08,SAMPLE_OFFSET
DATATYPE,COMMENT,1
DATATYPE,TIME,2
STARTUPAXIS,X,2
STARTUPAXIS,Y1,5
FIELDGROUP, VSM,2,3,4,5,6,8,9,10,11,14,15
FIELDGROUP, DC, 2,3,4,14,34,35,36,37,38,39,40,41,42,43,44,45,46,47
STARTUPGROUP, All
[Data]
Comment,Time Stamp (sec),Temperature (K),Magnetic Field (Oe),Moment (emu),M. Std. Err. (emu),Transport Action,Averaging Time (sec),Frequency (Hz),Peak Amplitude (mm),Center Position (mm),Lockin Signal' (V),Lockin Signal (V),Range,M. Quad. Signal (emu),Min. Temperature (K),Max. Temperature (K),Min. Field (Oe),Max. Field (Oe),Mass (grams),Motor Lag (deg),Pressure (Torr),Measure Count,Measurement Number,SQUID Status (code),Motor Status (code),Measure Status (code),Motor Current (amps),Motor Temp. (C),Temp. Status (code),Field Status (code),Chamber Status (code),Chamber Temp (K),Redirection State,Average Temp (K),Rotation Angle (deg),Rotator state,DC Moment Fixed Ctr (emu),DC Moment Err Fixed Ctr (emu),DC Moment Free Ctr (emu),DC Moment Err Free Ctr (emu),DC Fixed Fit,DC Free Fit,DC Calculated Center (mm),DC Calculated Center Err (mm),DC Scan Length (mm),DC Scan Time (s),DC Number of Points,DC Squid Drift,DC Min V (V),DC Max V (V),DC Scans per Measure,Map 01,Map 02,Map 03,Map 04,Map 05,Map 06,Map 07,Map 08,Map 09,Map 10,Map 11,Map 12,Map 13,Map 14,Map 15,Map 16
,3986566266.3537,298.709579467773,999.606506347656,,,6,,,,28.1955947875977,,,10,,297.572631835937,299.861999511719,999.606506347656,999.606506347656,,,6.73971605300903,,1,0,0,0,0.0145721435546875,26.881721496582,2,1,1,297.557159423828,0,298.880524553571,,,0.00167199246318906,4.77923339233789E-5,0.00167200758379329,4.77923255155184E-5,0.991768598556519,0.992977261543274,28.1793651580811,5.30842399597168,30,4,200,-0.00290693459101021,-0.758550822734833,0.131252646446228,3,,,,,,,,,,,,,,,,
,3986566395.22811,287.864822387695,999.606506347656,,,6,,,,28.1412238712412,,,10,,286.689056396484,289.134216308594,999.606506347656,999.606506347656,,,6.71171951293945,,1,0,0,0,0.0145721435546875,27.3704795837402,2,1,1,286.595428466797,0,287.935066810021,,,0.00171894133009186,4.91621758433006E-5,0.00172000389848656,4.91633810061739E-5,0.965351343154907,0.996211290359497,28.010871887207,0,30,4,200,-0.000911230163183063,-0.729895055294037,0.121780760586262,3,,,,,,,,,,,,,,,,
,3986566517.27781,277.958724975586,999.606506347656,,,6,,,,28.0955358245308,,,10,,276.794006347656,279.154907226562,999.606506347656,999.606506347656,,,6.69528913497925,,1,0,0,0,0.0145721435546875,27.8592376708984,2,1,1,276.762542724609,0,277.984154334435,,,0.00175676766297246,5.02964576145994E-5,0.0017597701602547,5.02999125226539E-5,0.942713856697082,0.996968984603882,27.8788433074951,0,30,4,200,-0.000891495728865266,-0.786339104175568,0.0810080543160439,3,,,,,,,,,,,,,,,,
,3986566636.7128,267.941711425781,999.606506347656,,,6,,,,28.0493137457627,,,10,,266.770233154297,269.138488769531,999.606506347656,999.606506347656,,,6.67440032958984,,1,0,0,0,0.0145721435546875,26.881721496582,2,1,1,266.744934082031,0,267.978902963492,,,0.00180395636191143,5.17249194518563E-5,0.00180986929040706,5.17318703668954E-5,0.920853853225708,0.997212171554565,27.7495994567871,0,30,4,200,-0.00054536695824936,-0.804699122905731,0.0775739401578903,3,,,,,,,,,,,,,,,,
,3986566753.84738,257.973037719727,999.606506347656,,,6,,,,28.0050948038235,,,10,,256.774108886719,259.188201904297,999.606506347656,999.606506347656,,,6.65301704406738,,1,0,0,0,0.0145721435546875,26.3929634094238,2,1,1,256.757873535156,0,257.999985914964,,,0.00188015450752394,5.40003051298258E-5,0.00188957411824884,5.40117335393621E-5,0.902050197124481,0.991712033748627,27.6359786987305,5.0165326683782E-6,30,4,200,-0.000238805005210452,-0.793900430202484,0.120867267251015,3,,,,,,,,,,,,,,,,
,3986566874.23159,247.983978271484,999.606506347656,,,6,,,,27.9639565381416,,,10,,246.785415649414,249.215850830078,999.606506347656,999.606506347656,,,6.63302850723267,,1,0,0,0,0.0138092041015625,27.3704795837402,2,1,1,246.752105712891,0,248.009310795711,,,0.00193654576175005,5.57075341381982E-5,0.00194943518176755,5.57234019212526E-5,0.887273371219635,0.990478515625,27.539119720459,0,30,4,200,-3.25247783621307E-5,-0.868659675121307,0.174957260489464,3,,,,,,,,,,,,,,,,
,3986566994.54703,238.010467529297,999.606506347656,,,6,,,,27.9228537102586,,,10,,236.888900756836,239.132034301758,999.606506347656,999.606506347656,,,6.61212301254273,,1,0,0,0,0.0145721435546875,24.4379291534424,2,1,1,236.888900756836,0,238.090108800817,,,0.00199380046007887,5.74597511364662E-5,0.00201091724209838,5.74811618316297E-5,0.872257828712463,0.989947736263275,27.4409980773926,0,30,4,200,-2.57472202065401E-5,-0.822547316551208,0.145322144031525,3,,,,,,,,,,,,,,,,
,3986567119.03706,227.983764648438,999.606506347656,,,6,,,,27.880607087385,,,10,,226.863296508789,229.144332885742,999.606506347656,999.606506347656,,,6.58773279190063,,1,0,0,0,0.0145721435546875,26.881721496582,2,1,1,226.823196411133,0,227.980523916391,,,0.00205371522361688,5.92988446174806E-5,0.00207543051200908,5.93255117024578E-5,0.858421862125397,0.989469408988953,27.3461627960205,0,30,4,200,-0.00022856799478177,-0.884979605674744,0.114525467157364,3,,,,,,,,,,,,,,,,
,3986567239.41514,217.891983032227,999.606506347656,,,6,,,,27.8402751861835,,,10,,216.724166870117,219.10481262207,999.606506347656,999.606506347656,,,6.56110095977783,,1,0,0,0,0,26.881721496582,2,1,1,216.679153442383,0,217.91382422814,,,0.00211695384421658,6.12411013119576E-5,0.00214359262053989,6.12740788966418E-5,0.845848441123962,0.989219903945923,27.2579193115234,5.22091197967529,30,4,200,3.77396872863756E-6,-0.941893577575684,0.193993747234344,3,,,,,,,,,,,,,,,,
,3986567359.0491,207.978332519531,999.606506347656,,,6,,,,27.8016986389741,,,10,,206.776473999023,209.248321533203,999.606506347656,999.606506347656,,,6.53015756607056,,1,0,0,0,0.0138092041015625,27.3704795837402,2,1,1,206.708343505859,0,208.00700202355,,,0.00218500640344082,6.33269424671389E-5,0.00221679955181029,6.33670004436431E-5,0.834557831287384,0.988780558109283,27.1763591766357,9.11430168151855,30,4,200,0.000125916732940823,-0.996779859066009,0.176548033952713,3,,,,,,,,,,,,,,,,
,3986567479.32254,197.968452453613,999.606506347656,,,6,,,,27.7630482827023,,,10,,196.801315307617,199.153701782227,999.606506347656,999.606506347656,,,6.49553155899048,,1,0,0,0,0.0138092041015625,26.881721496582,2,1,1,196.783203125,0,197.990688030536,,,0.00225426542633478,6.54625231091805E-5,0.00229175462101882,6.55094093329638E-5,0.823420524597168,0.988974094390869,27.0949268341064,0,30,4,200,0.000158609458594583,-0.938670456409454,0.159865438938141,3,,,,,,,,,,,,,,,,
,3986567599.75877,187.971519470215,999.606506347656,,,6,,,,27.7247817345611,,,10,,186.754852294922,189.200958251953,999.606506347656,999.606506347656,,,6.46174144744873,,1,0,0,0,0.0138092041015625,26.881721496582,2,1,1,186.742080688477,0,188.017437405056,,,0.00233086763425662,6.78155397506832E-5,0.00237433460158106,6.78702057155077E-5,0.813323974609375,0.98869377374649,27.0180530548096,0,30,4,200,0.000140579853905365,-0.999492943286896,0.138534441590309,3,,,,,,,,,,,,,,,,
,3986567720.37502,177.978744506836,999.606506347656,,,6,,,,27.6872448540043,,,10,,176.793716430664,179.180877685547,999.606506347656,999.606506347656,,,6.42844200134277,,1,0,0,0,0.0138092041015625,26.881721496582,2,1,1,176.776611328125,0,177.998825073242,,,0.00241156219444691,7.03014574966605E-5,0.00246158344792658,7.03642126664343E-5,0.803432524204254,0.988623678684235,26.9425144195557,0,30,4,200,0.000188357793376781,-1.06106281280518,0.117452308535576,3,,,,,,,,,,,,,,,,
,3986567840.98251,167.99055480957,999.606506347656,,,6,,,,27.6502301666222,,,10,,166.806106567383,169.206909179687,999.606506347656,999.606506347656,,,6.39503812789917,,1,0,0,0,0.0145721435546875,26.881721496582,2,1,1,166.774200439453,0,167.983391981858,,,0.00249680742851831,7.29328253242697E-5,0.00255396251526124,7.30047988699642E-5,0.793865859508514,0.988740682601929,26.8686141967773,9.04235744476318,30,4,200,0.000113188689283561,-1.11755728721619,0.21526625752449,3,,,,,,,,,,,,,,,,
,3986567960.5617,157.999031066895,999.606506347656,,,6,,,,27.6143455987683,,,10,,156.816497802734,159.232925415039,999.606506347656,999.606506347656,,,6.3625545501709,,1,0,0,0,0.0145721435546875,26.881721496582,2,1,1,156.76513671875,0,158.03011908898,,,0.00258748440203545,7.57293965850177E-5,0.00265213354563703,7.58109888675448E-5,0.784993886947632,0.988716661930084,26.798490524292,0,30,4,200,0.000235355095355771,-1.17598032951355,0.204825162887573,3,,,,,,,,,,,,,,,,
,3986568144.93295,149.983299255371,999.606506347656,,,6,,,,27.5811726346699,,,10,,149.953521728516,149.997314453125,999.606506347656,999.606506347656,,,6.32072496414185,,1,0,0,0,0.0145721435546875,26.881721496582,1,1,1,149.982345581055,0,149.978727552626,,,0.00265393722152588,7.7761945643991E-5,0.00272349063618098,7.78506902171084E-5,0.780053973197937,0.988752067089081,26.7461032867432,2.85369005723624E-5,30,4,200,-0.000136565984576009,-1.23225951194763,0.182532846927643,3,,,,,,,,,,,,,,,,
,3986568322.51294,144.120399475098,999.606506347656,,,6,,,,27.5520469977698,,,10,,143.379608154297,144.861190795898,999.606506347656,999.606506347656,,,6.26274633407593,,1,0,0,0,0.0145721435546875,27.3704795837402,2,1,1,143.379608154297,0,144.239616111473,,,0.00272602326779235,7.99011157414089E-5,0.00279843653666918,7.99930253782292E-5,0.778599381446838,0.988791644573212,26.7113723754883,5.16830444335937,30,4,200,0.00046904306509532,-1.17171907424927,0.168693661689758,3,,,,,,,,,,,,,,,,
,3986568403.32713,137.983642578125,999.606506347656,,,6,,,,27.5287667861946,,,10,,136.833938598633,139.173004150391,999.606506347656,999.606506347656,,,6.23421382904053,,1,0,0,0,0.0145721435546875,27.3704795837402,2,1,1,136.794281005859,0,138.009524310077,,,0.00279430604177003,8.2044900903822E-5,0.0028736881216397,8.21442398612279E-5,0.771270453929901,0.988572120666504,26.6599464416504,,30,4,200,0.000375246192561463,-1.20346736907959,0.170226603746414,3,,,,,,,,,,,,,,,,
,3986568464.74416,132.915191650391,999.606506347656,,,6,,,,27.5116275984903,,,10,,131.716018676758,134.138732910156,999.606506347656,999.606506347656,,,6.21182298660278,,1,0,0,0,0.0145721435546875,27.3704795837402,2,1,1,131.691650390625,0,132.96595294659,,,0.00284655170297043,8.36720036227924E-5,0.00293091071236959,8.37795960907311E-5,0.766709625720978,0.988962471485138,26.624963760376,4.02579789806623E-5,30,4,200,0.000485642027342692,-1.22680354118347,0.171849057078362,3,,,,,,,,,,,,,,,,
,3986568524.0082,127.966094970703,999.606506347656,,,6,,,,27.4951394076062,,,10,,126.786415100098,129.21516418457,999.606506347656,999.606506347656,,,6.19014120101929,,1,0,0,0,0.0145721435546875,26.881721496582,2,1,1,126.717025756836,0,128.053141960731,,,0.00289869078860472,8.53058709997268E-5,0.00298826331020448,8.54189427874437E-5,0.761950850486755,0.989084720611572,26.5899620056152,0.000399989366997033,30,4,200,0.000376687588868663,-1.25244998931885,0.174813345074654,3,,,,,,,,,,,,,,,,
,3986568583.04651,122.992233276367,999.606506347656,,,6,,,,27.4794593859047,,,10,,121.781448364258,124.223197937012,999.606506347656,999.606506347656,,,6.16452312469482,,1,0,0,0,0.0138092041015625,26.881721496582,2,1,1,121.761268615723,0,123.0059767503,,,0.00295131762920719,8.69793101226555E-5,0.00304712068991073,8.71010772127324E-5,0.7563396692276,0.989371120929718,26.5523567199707,5.15289783477783,30,4,200,0.000242113179410808,-1.27732086181641,0.177285119891167,3,,,,,,,,,,,,,,,,
,3986568643.61697,118.013610839844,999.606506347656,,,6,,,,27.4641218751369,,,10,,116.782958984375,119.244262695313,999.606506347656,999.606506347656,,,6.13718461990356,,1,0,0,0,0.0145721435546875,27.3704795837402,2,1,1,116.782958984375,0,118.0113824915,,,0.00301393617038409,8.89279158581573E-5,0.00311556654837534,8.90575025678858E-5,0.75190544128418,0.989474236965179,26.5197830200195,,30,4,200,0.0004182537086308,-1.30754292011261,0.180294871330261,3,,,,,,,,,,,,,,,,
,3986568703.74255,112.97779083252,999.606506347656,,,6,,,,27.4494752005147,,,10,,111.830940246582,114.171211242676,999.606506347656,999.606506347656,,,6.11035966873169,,1,0,0,0,0.0138092041015625,26.881721496582,2,1,1,111.784370422363,0,113.032411428598,,,0.00307684128919704,9.08700082566888E-5,0.00318368991558134,9.10051459513557E-5,0.748349368572235,0.989067316055298,26.4914932250977,8.94237327575684,30,4,200,0.000271442491794005,-1.33643519878387,0.183899447321892,3,,,,,,,,,,,,,,,,
,3986568764.13548,108.024559020996,999.606506347656,,,6,,,,27.4356686125162,,,10,,106.829795837402,109.236221313477,999.606506347656,999.606506347656,,,6.08284616470337,,1,0,0,0,0.0138092041015625,26.881721496582,2,1,1,106.812896728516,0,108.058013916016,,,0.0031386873341103,9.2795709430507E-5,0.00325131483309291,9.29382953333751E-5,0.744406163692474,0.989001512527466,26.4623432159424,6.7644810769707E-5,30,4,200,0.000464851909782737,-1.36614012718201,0.187037065625191,3,,,,,,,,,,,,,,,,
,3986568824.9336,102.989891052246,999.606506347656,,,6,,,,27.4220645697021,,,10,,101.788703918457,104.207405090332,999.606506347656,999.606506347656,,,6.05606698989868,,1,0,0,0,0.0138092041015625,26.881721496582,2,1,1,101.77237701416,0,103.023890904018,,,0.00320341708557991,9.48285304539747E-5,0.00332277560867812,9.49811900101721E-5,0.739859402179718,0.988858103752136,26.4310894012451,0,30,4,200,0.000473612861242145,-1.39395189285278,0.192341089248657,3,,,,,,,,,,,,,,,,
,3986568884.95792,97.9533805847168,999.606506347656,,,6,,,,27.4092281643626,,,10,,96.7605743408203,99.1703186035156,999.606506347656,999.606506347656,,,6.02872323989868,,1,0,0,0,0.0138092041015625,27.3704795837402,2,1,1,96.736442565918,0,97.9848873431866,,,0.0032698394467232,9.6904352473964E-5,0.00339559421812744,9.70627426972585E-5,0.735837519168854,0.98874568939209,26.4026432037354,8.91155433654785,30,4,200,0.000458966824226081,-1.42479908466339,0.196449637413025,3,,,,,,,,,,,,,,,,
,3986568944.62955,93.0188331604004,999.606506347656,,,6,,,,27.3968849108216,,,10,,91.8117752075195,94.2511596679688,999.606506347656,999.606506347656,,,6.00085401535034,,1,0,0,0,0.0138092041015625,26.881721496582,2,1,1,91.786506652832,0,93.0426803001991,,,0.0033330681860479,9.89029489227046E-5,0.00346584240172934,9.90709567565009E-5,0.731435239315033,0.98859578371048,26.3731517791748,,30,4,200,0.000471371284220368,-1.4539874792099,0.201210677623749,3,,,,,,,,,,,,,,,,
,3986569068.73403,90.0561904907227,999.606506347656,,,6,,,,27.3846594886055,,,10,,90.0279769897461,90.0867614746094,999.606506347656,999.606506347656,,,5.96471452713013,,1,0,0,0,0.00091552734375,27.3704795837402,1,1,1,90.0303573608398,0,90.0593117607964,,,0.00335840566974148,9.96951187269097E-5,0.00349370287828199,9.98669360816394E-5,0.730040371417999,0.988927721977234,26.3553409576416,8.89613819122314,30,4,200,0.00028708585887216,-1.48202323913574,0.300839841365814,3,,,,,,,,,,,,,,,,
,3986569235.5529,88.6425132751465,999.606506347656,,,6,,,,27.378772926983,,,10,,88.3791885375977,88.9058380126953,999.606506347656,999.606506347656,,,5.94195890426636,,1,0,0,0,0.0138092041015625,27.3704795837402,2,1,1,88.3791885375977,0,88.653966833044,,,0.00337794593465795,0.000100320752619517,0.00351564661531211,0.000100494443936162,0.728487610816956,0.988774240016937,26.3435230255127,0,30,4,200,0.000279981089988723,-1.50075101852417,0.288069158792496,3,,,,,,,,,,,,,,,,
,3986569296.18795,87.5833053588867,999.606506347656,,,6,,,,27.378772926983,,,10,,87.3445892333984,87.8318862915039,999.606506347656,999.606506347656,,,5.93219900131226,,1,0,0,0,0.013885498046875,27.3704795837402,2,1,1,87.3347244262695,0,87.5896911621094,,,0.00339196561627097,0.000100779673460897,0.0035317856362603,0.00010095582599866,0.727050602436066,0.98871511220932,26.3379230499268,0,30,4,200,0.000259105756413192,-1.51080405712128,0.285717517137527,3,,,,,,,,,,,,,,,,
,3986569355.78279,86.5870933532715,999.606506347656,,,6,,,,27.3726893700809,,,10,,86.3459243774414,86.8333969116211,999.606506347656,999.606506347656,,,5.92369508743286,,1,0,0,0,0.0138092041015625,26.881721496582,2,1,1,86.3407897949219,0,86.5956306457519,,,0.00340421973449662,0.000101129834984144,0.0035440943588158,0.00010130792678102,0.72751772403717,0.988487660884857,26.3337574005127,0.298786222934723,30,4,200,0.000284654146526009,-1.51871883869171,0.283973544836044,3,,,,,,,,,,,,,,,,
,3986569416.40825,85.5942077636719,999.606506347656,,,6,,,,27.3726893700809,,,10,,85.3498840332031,85.8435974121094,999.606506347656,999.606506347656,,,5.91355514526367,,1,0,0,0,0.0138092041015625,26.881721496582,2,1,1,85.3448181152344,0,85.5892486572266,,,0.00341851749532682,0.000101617083405157,0.00356127112279773,0.000101799265333747,0.725434899330139,0.988157868385315,26.3258056640625,0.000109159853309393,30,4,200,0.000324635388096794,-1.52811360359192,0.282902330160141,3,,,,,,,,,,,,,,,,
,3986569476.23958,84.5938262939453,999.606506347656,,,6,,,,27.3667657103241,,,10,,84.3389205932617,84.8583679199219,999.606506347656,999.606506347656,,,5.90496301651001,,1,0,0,0,0.0138092041015625,26.881721496582,2,1,1,84.3292846679688,0,84.5854656512921,,,0.00343034676625209,0.000101964647394004,0.00357340778813622,0.000102146067319194,0.725570499897003,0.988293409347534,26.3203067779541,5.13033199310303,30,4,200,0.000292813259875402,-1.53635251522064,0.280498564243317,3,,,,,,,,,,,,,,,,
,3986569535.77136,83.5791702270508,999.606506347656,,,6,,,,27.3667657103241,,,10,,83.3336486816406,83.8340377807617,999.606506347656,999.606506347656,,,5.89742517471314,,1,0,0,0,0.0138092041015625,26.881721496582,2,1,1,83.3243026733398,0,83.5785789489746,,,0.00344258595180992,0.000102368150561122,0.00358759225271511,0.000102551655690774,0.724266648292541,0.988181233406067,26.3152694702148,8.88111305236816,30,4,200,0.000320392311550677,-1.54771363735199,0.277366191148758,3,,,,,,,,,,,,,,,,
,3986569595.64764,82.596794128418,999.606506347656,,,6,,,,27.3609016452791,,,10,,82.3545303344727,82.8465728759766,999.606506347656,999.606506347656,,,5.88932466506958,,1,0,0,0,0.0138092041015625,26.881721496582,2,1,1,82.3470153808594,0,82.6014025761531,,,0.00345636592497123,0.00010278600003041,0.00360233636875843,0.000102973543767782,0.724003255367279,0.987841963768005,26.3085422515869,0,30,4,200,0.000357918062945828,-1.55623054504395,0.274839103221893,3,,,,,,,,,,,,,,,,
,3986569655.79312,81.5938034057617,999.606506347656,,,6,,,,27.3609016452791,,,10,,81.3423080444336,81.8452987670898,999.606506347656,999.606506347656,,,5.8806619644165,,1,0,0,0,0.0146484375,26.3929634094238,2,1,1,81.3423080444336,0,81.5993389553494,,,0.00346641396062639,0.000103123723309989,0.00361422159878005,0.000103313197551988,0.722742915153503,0.987902402877808,26.3036022186279,0,30,4,200,0.000331334362272173,-1.56372654438019,0.272161185741425,3,,,,,,,,,,,,,,,,
,3986569716.0411,80.5850486755371,999.606506347656,,,6,,,,27.3550806165351,,,10,,80.3411636352539,80.8377151489258,999.606506347656,999.606506347656,,,5.87212038040161,,1,0,0,0,0.013885498046875,26.3929634094238,2,1,1,80.3323822021484,0,80.5875654954177,,,0.00348002860683506,0.000103526814733334,0.00362829166916382,0.000103715831444433,0.722804427146912,0.987538993358612,26.2982234954834,8.877197265625,30,4,200,0.00034695168142207,-1.57212507724762,0.270543575286865,3,,,,,,,,,,,,,,,,
,3986569775.33854,79.5902099609375,999.606506347656,,,6,,,,27.3550806165351,,,10,,79.3390121459961,79.8414077758789,999.606506347656,999.606506347656,,,5.8630633354187,,1,0,0,0,0.0139617919921875,26.881721496582,2,1,1,79.3390121459961,0,79.6000442504883,,,0.00348915366104734,0.000103844367864879,0.00363947494628759,0.000104035421290023,0.721331000328064,0.987620711326599,26.2923908233643,0.000121940960525535,30,4,200,0.000322900305036455,-1.58031690120697,0.267884492874146,3,,,,,,,,,,,,,,,,
,3986569835.12125,78.5824928283691,999.606506347656,,,6,,,,27.3494146439374,,,10,,78.326789855957,78.8381958007812,999.606506347656,999.606506347656,,,5.85501766204834,,1,0,0,0,0.0145721435546875,26.881721496582,2,1,1,78.326789855957,0,78.5871330543801,,,0.00349920946183179,0.000104135573851786,0.00364968671418976,0.000104327287164887,0.721587598323822,0.987647593021393,26.2877559661865,0,30,4,200,0.000132971996208653,-1.58778262138367,0.264878004789352,3,,,,,,,,,,,,,,,,
,3986569894.23962,77.5908164978027,999.606506347656,,,6,,,,27.3494146439374,,,10,,77.3416213989258,77.8434982299805,999.606506347656,999.606506347656,,,5.84594869613647,,1,0,0,0,0.0138092041015625,26.3929634094238,2,1,1,77.338134765625,0,77.5926895141602,,,0.00350880627824215,0.000104468668376614,0.00366140760796501,0.000104662516111073,0.720086991786957,0.987540721893311,26.2819137573242,5.12658882141113,30,4,200,0.000153564105858095,-1.59816205501556,0.261900991201401,3,,,,,,,,,,,,,,,,
,3986569954.12276,76.5856475830078,999.606506347656,,,6,,,,27.3439303622245,,,10,,76.3357162475586,76.8457336425781,999.606506347656,999.606506347656,,,5.83798265457153,,1,0,0,0,0.0138092041015625,26.3929634094238,2,1,1,76.3255615234375,0,76.5938075138972,,,0.00352040201254655,0.000104810561580056,0.00367337381336588,0.000105004900819774,0.720193207263946,0.987315058708191,26.2769241333008,0.00112233532126993,30,4,200,0.000339508667821065,-1.60651004314423,0.25889927148819,3,,,,,,,,,,,,,,,,
,3986570014.47126,75.5905380249023,999.606506347656,,,6,,,,27.3439303622245,,,10,,75.3462371826172,75.8348388671875,999.606506347656,999.606506347656,,,5.82956981658936,,1,0,0,0,0.0138092041015625,27.8592376708984,2,1,1,75.3462371826172,0,75.59294184932,,,0.00352864113335579,0.000105102862480652,0.00368371444657843,0.000105300600909223,0.718723297119141,0.987211406230926,26.2712478637695,0.000131437147501856,30,4,200,0.000345299660693854,-1.61375272274017,0.256607323884964,3,,,,,,,,,,,,,,,,
,3986570074.68471,74.5807418823242,999.606506347656,,,6,,,,27.3385503185431,,,10,,74.3416366577148,74.8249053955078,999.606506347656,999.606506347656,,,5.82136869430542,,1,0,0,0,0.0138092041015625,26.881721496582,2,1,1,74.3365783691406,0,74.5908552316519,,,0.0035374106732798,0.000105365356599924,0.00369283889466056,0.000105561740113481,0.718684077262878,0.987001240253448,26.2657890319824,0.000132376051624306,30,4,200,0.00038933556061238,-1.61856257915497,0.255374073982239,3,,,,,,,,,,,,,,,,
,3986570133.95788,73.5949478149414,999.606506347656,,,6,,,,27.3385503185431,,,10,,73.3445281982422,73.8494338989258,999.606506347656,999.606506347656,,,5.81243181228638,,1,0,0,0,0.0145721435546875,27.3704795837402,2,1,1,73.340461730957,0,73.5976311012551,,,0.00354418460582717,0.000105605912903247,0.00370132411447838,0.000105804349154526,0.717482984066009,0.98692399263382,26.2610473632813,8.8619270324707,30,4,200,0.000387383362976834,-1.62195241451263,0.255610406398773,3,,,,,,,,,,,,,,,,
,3986570194.00246,72.588020324707,999.606506347656,,,6,,,,27.3334458163045,,,10,,72.3498992919922,72.8380355834961,999.606506347656,999.606506347656,,,5.80346870422363,,1,0,0,0,0.0138092041015625,26.881721496582,2,1,1,72.338005065918,0,72.5982066966869,,,0.00355145651493086,0.000105832300887778,0.00370935116618384,0.000106034229741387,0.717184007167816,0.986613214015961,26.2550411224365,0,30,4,200,0.00036912111681886,-1.62577533721924,0.256091594696045,3,,,,,,,,,,,,,,,,
,3986570253.85927,71.5905570983887,999.606506347656,,,6,,,,27.3334458163045,,,10,,71.3490219116211,71.8391494750977,999.606506347656,999.606506347656,,,5.79547929763794,,1,0,0,0,0.0145721435546875,26.3929634094238,2,1,1,71.3419647216797,0,71.5935941842886,,,0.00355708307963858,0.00010603948188373,0.00371664779147817,0.000106243286893377,0.715974509716034,0.986276030540466,26.2504196166992,,30,4,200,0.000346038636052981,-1.62968266010284,0.254698753356934,3,,,,,,,,,,,,,,,,
,3986570314.42594,70.5887222290039,999.606506347656,,,6,,,,27.3334458163045,,,10,,70.350959777832,70.8361206054687,999.606506347656,999.606506347656,,,5.78631830215454,,1,0,0,0,0.0138092041015625,26.3929634094238,2,1,1,70.3413238525391,0,70.6018659803602,,,0.00355855679906303,0.000106125155897549,0.00371968028567008,0.000106330005424698,0.714705467224121,0.986275613307953,26.2454643249512,0,30,4,200,0.000325304892612621,-1.63348913192749,0.252419710159302,3,,,,,,,,,,,,,,,,
,3986570373.95323,69.6050338745117,999.606506347656,,,6,,,,27.3261513046626,,,10,,69.362419128418,69.8511047363281,999.606506347656,999.606506347656,,,5.77824211120605,,1,0,0,0,0.0138092041015625,26.881721496582,2,1,1,69.3589630126953,0,69.5992777897761,,,0.0035604656037437,0.000106167480084318,0.00372112123431371,0.000106371454845937,0.715148866176605,0.986104130744934,26.2399826049805,6.49974632263184,30,4,200,0.000326453999150544,-1.63631761074066,0.249651610851288,3,,,,,,,,,,,,,,,,
,3986570434.77108,68.5928764343262,999.606506347656,,,6,,,,27.3261513046626,,,10,,68.3419647216797,68.8462677001953,999.606506347656,999.606506347656,,,5.7688684463501,,1,0,0,0,0.0138092041015625,26.881721496582,2,1,1,68.339485168457,0,68.5907482571072,,,0.00355638080431582,0.000106086717719158,0.00371837228708127,0.000106292831224482,0.713902413845062,0.986099004745483,26.2351131439209,0,30,4,200,0.00031242411932908,-1.63792812824249,0.246799498796463,3,,,,,,,,,,,,,,,,
,3986570494.52683,67.5874557495117,999.606506347656,,,6,,,,27.3261513046626,,,10,,67.3420333862305,67.832878112793,999.606506347656,999.606506347656,,,5.76035976409912,,1,0,0,0,0.0138092041015625,27.3704795837402,2,1,1,67.3420333862305,0,67.5924219202112,,,0.00354377204247835,0.000105751521120781,0.00370669687564979,0.000105958988623077,0.712663650512695,0.986165821552277,26.2301864624023,0.000155109170009382,30,4,200,0.000301529333228245,-1.63669455051422,0.242863267660141,3,,,,,,,,,,,,,,,,
,3986570553.5773,66.5968933105469,999.606506347656,,,6,,,,27.3192958679897,,,10,,66.3577423095703,66.8441390991211,999.606506347656,999.606506347656,,,5.75131225585937,,1,0,0,0,0.0138092041015625,26.881721496582,2,1,1,66.3496475219727,0,66.6003878666804,,,0.0035088293211466,0.000104697007271287,0.00366965014446173,0.000104899970256917,0.713024854660034,0.986216008663177,26.2247314453125,5.12100887298584,30,4,200,0.000278771942248568,-1.62659084796906,0.235886007547379,3,,,,,,,,,,,,,,,,
,3986570613.42497,65.5945014953613,999.606506347656,,,6,,,,27.3192958679897,,,10,,65.35546875,65.8417510986328,999.606506347656,999.606506347656,,,5.74223899841309,,1,0,0,0,0.0138092041015625,26.881721496582,2,1,1,65.3472518920898,0,65.5959091186523,,,0.00347120828049203,0.000103611919445086,0.00363169214739677,0.000103814716862204,0.711869895458221,0.986314833164215,26.2201442718506,0,30,4,200,0.000247087795287371,-1.61691653728485,0.2280493080616,3,,,,,,,,,,,,,,,,
,3986570674.11588,64.5878944396973,999.606506347656,,,6,,,,27.3192958679897,,,10,,64.3473815917969,64.8351593017578,999.606506347656,999.606506347656,,,5.73263359069824,,1,0,0,0,0.0138092041015625,26.881721496582,2,1,1,64.3406295776367,0,64.5910368699294,,,0.00343836049820664,0.000102670769933055,0.00359873636709759,0.000102873107181005,0.710655629634857,0.98603492975235,26.2155132293701,0.000162148731760681,30,4,200,0.000247470510657877,-1.61019146442413,0.219736009836197,3,,,,,,,,,,,,,,,,
,3986570733.32053,63.5989208221436,999.606506347656,,,6,,,,27.3129085931087,,,10,,63.3529586791992,63.8448829650879,999.606506347656,999.606506347656,,,5.72364091873169,,1,0,0,0,0.0138092041015625,28.3479976654053,2,1,1,63.3529586791992,0,63.6039345352738,,,0.00340904635759779,0.000101787396909126,0.00356785513940151,0.000101990331170253,0.710903704166412,0.985990703105927,26.2101554870605,0,30,4,200,0.000269230193225667,-1.48848223686218,0.213298931717873,3,,,,,,,,,,,,,,,,
,3986570794.56145,62.5764560699463,999.606506347656,,,6,,,,27.3129085931087,,,10,,62.3350868225098,62.8360137939453,999.606506347656,999.606506347656,,,5.71369981765747,,1,0,0,0,0.0138092041015625,26.881721496582,2,1,1,62.3168983459473,0,62.5870570430049,,,0.00337827029098506,0.000100913818529371,0.00353727686527133,0.000101116391332929,0.709484457969666,0.985895395278931,26.2046222686768,0,30,4,200,0.000305357913020998,-1.48048770427704,0.206549495458603,3,,,,,,,,,,,,,,,,
,3986570852.68245,61.6011409759522,999.606506347656,,,6,,,,27.3129085931087,,,10,,61.3453369140625,61.8586235046387,999.606506347656,999.606506347656,,,5.70497608184814,,1,0,0,0,0.0138092041015625,26.881721496582,2,1,1,61.3436584472656,0,61.6039172984936,,,0.00335052755333914,0.000100120074623336,0.00350952335537612,0.000100323185995115,0.708385765552521,0.985785007476807,26.2003841400146,0,30,4,200,0.00026596209499985,-1.47336339950562,0.200272813439369,3,,,,,,,,,,,,,,,,
,3986570912.48425,60.6030025482178,999.606506347656,,,6,,,,27.306970386781,,,10,,60.356014251709,60.8521347045898,999.606506347656,999.606506347656,,,5.6950945854187,,1,0,0,0,0.0145721435546875,26.881721496582,2,1,1,60.3538703918457,0,60.6047004417137,,,0.00332324022943196,9.92946317300689E-5,0.00348056436001008,9.94950451448045E-5,0.708700597286224,0.985949099063873,26.1956005096436,0.248428285121918,30,4,200,0.000273099169135094,-1.46428680419922,0.308827102184296,3,,,,,,,,,,,,,,,,
,3986570972.52274,59.6006832122803,999.606506347656,,,6,,,,27.306970386781,,,10,,59.3603973388672,59.8456420898438,999.606506347656,999.606506347656,,,5.68479156494141,,1,0,0,0,0.0145721435546875,26.881721496582,2,1,1,59.3557243347168,0,59.601106937115,,,0.0032951110556618,9.84959687324315E-5,0.00345260764958654,9.86958830290944E-5,0.707373917102814,0.98602283000946,26.1902923583984,0.0001737412676448,30,4,200,0.000275294645689428,-1.45776915550232,0.303109139204025,3,,,,,,,,,,,,,,,,
,3986571033.25164,58.5890998840332,999.606506347656,,,6,,,,27.306970386781,,,10,,58.3605880737305,58.8273239135742,999.606506347656,999.606506347656,,,5.67479753494263,,1,0,0,0,0.0145721435546875,26.3929634094238,2,1,1,58.3508758544922,0,58.5895124582144,,,0.00326892977022342,9.774658562232E-5,0.00342637751696316,9.79461454861028E-5,0.706313073635101,0.985942125320435,26.1861839294434,0,30,4,200,0.000286296795820817,-1.44966018199921,0.298396706581116,3,,,,,,,,,,,,,,,,
,3986571093.72329,57.5848636627197,999.606506347656,,,6,,,,27.3013691903796,,,10,,57.3308181762695,57.8389091491699,999.606506347656,999.606506347656,,,5.66462421417236,,1,0,0,0,0.0145721435546875,25.904203414917,2,1,1,57.3308181762695,0,57.5837843153212,,,0.00324459011231465,9.70122418042376E-5,0.00340070197836684,9.72122191065536E-5,0.706523895263672,0.985937297344208,26.1814403533936,,30,4,200,0.000246293056989089,-1.44280111789703,0.292818635702133,3,,,,,,,,,,,,,,,,
,3986571152.81164,56.5869750976562,999.606506347656,,,6,,,,27.3013691903796,,,10,,56.3405838012695,56.8423500061035,999.606506347656,999.606506347656,,,5.65347957611084,,1,0,0,0,0.0145721435546875,26.3929634094238,2,1,1,56.331600189209,0,56.5910182366004,,,0.00321926944396929,9.62897581912737E-5,0.00337543480224695,9.64899210275688E-5,0.705406606197357,0.985928058624268,26.1770820617676,0,30,4,200,0.000264361937297508,-1.43615698814392,0.287392467260361,3,,,,,,,,,,,,,,,,
,3986571212.33249,55.587532043457,999.606506347656,,,6,,,,27.3013691903796,,,10,,55.354549407959,55.839786529541,999.606506347656,999.606506347656,,,5.64272689819336,,1,0,0,0,0.0145721435546875,26.881721496582,2,1,1,55.335277557373,0,55.5973671807183,,,0.00319535818272956,9.56058360475997E-5,0.00335146346348047,9.58047696579904E-5,0.704395234584808,0.985877215862274,26.1730918884277,,30,4,200,0.000282086140941828,-1.42908143997192,0.283270061016083,3,,,,,,,,,,,,,,,,
,3986571273.01081,54.586935043335,999.606506347656,,,6,,,,27.2962091283737,,,10,,54.3371315002441,54.8392219543457,999.606506347656,999.606506347656,,,5.63087034225464,,1,0,0,0,0.0145721435546875,27.3704795837402,2,1,1,54.3346481323242,0,54.5831687362106,,,0.00317206568532896,9.49134981847334E-5,0.0033271350544299,9.51093333812219E-5,0.704245507717133,0.985848546028137,26.1673202514648,0,30,4,200,0.000265336042502895,-1.42164385318756,0.278975009918213,3,,,,,,,,,,,,,,,,
,3986571332.61917,53.5919589996338,999.606506347656,,,6,,,,27.2962091283737,,,10,,53.3495445251465,53.8343734741211,999.606506347656,999.606506347656,,,5.62006521224976,,1,0,0,0,0.0145721435546875,26.3929634094238,2,1,1,53.3467559814453,0,53.6005277280454,,,0.00314841796732803,9.42391863266866E-5,0.00330356867869748,9.44356612747648E-5,0.703157186508179,0.98582136631012,26.1630764007568,0,30,4,200,0.000271797791356221,-1.41491329669952,0.274503707885742,3,,,,,,,,,,,,,,,,
,3986571392.80493,52.5930213928223,999.606506347656,,,6,,,,27.2962091283737,,,10,,52.3645896911621,52.830867767334,999.606506347656,999.606506347656,,,5.60768604278564,,1,0,0,0,0.0145721435546875,26.881721496582,2,1,1,52.3551750183105,0,52.5993470412034,,,0.00312457885226457,9.35678469405728E-5,0.0032801230625469,9.37655067146141E-5,0.701775789260864,0.985802173614502,26.1576404571533,0.000196258813957684,30,4,200,0.000256285245995969,-1.40828108787537,0.269820064306259,3,,,,,,,,,,,,,,,,
,3986571452.21953,51.6010799407959,999.606506347656,,,6,,,,27.2962091283737,,,10,,51.3557548522949,51.8543319702148,999.606506347656,999.606506347656,,,5.59617233276367,,1,0,0,0,0.0145721435546875,26.881721496582,2,1,1,51.347827911377,0,51.6110630741826,,,0.00310153233499749,9.29087886939367E-5,0.00325705548257001,9.31060603510587E-5,0.700756430625916,0.985850751399994,26.1536102294922,0.000199983245693147,30,4,200,0.000247904332354665,-1.40160870552063,0.265513360500336,3,,,,,,,,,,,,,,,,
,3986571512.16517,50.5959758758545,999.606506347656,,,6,,,,27.2898402416359,,,10,,50.3569755554199,50.842601776123,999.606506347656,999.606506347656,,,5.5834903717041,,1,0,0,0,0.0145721435546875,26.881721496582,2,1,1,50.3493499755859,0,50.6001290541429,,,0.00308122950330492,9.22801046289629E-5,0.0032349964431667,9.24755920727771E-5,0.70143324136734,0.985770881175995,26.1499195098877,0,30,4,200,9.81222110567614E-5,-1.3957200050354,0.260919779539108,3,,,,,,,,,,,,,,,,
,3986571572.13321,49.5983695983887,999.606506347656,,,6,,,,27.2898402416359,,,10,,49.375129699707,49.8328399658203,999.606506347656,999.606506347656,,,5.57067632675171,,1,0,0,0,0.0145721435546875,26.881721496582,2,1,1,49.363899230957,0,49.6028005811903,,,0.00305877789096738,9.16387211502602E-5,0.00321255708326063,9.18341094026817E-5,0.700403690338135,0.98582398891449,26.1458797454834,0.000201639340957627,30,4,200,0.000100558972917497,-1.38935279846191,0.256787121295929,3,,,,,,,,,,,,,,,,
,3986571632.244,48.5944385528564,999.606506347656,,,6,,,,27.2898402416359,,,10,,48.3596839904785,48.8377532958984,999.606506347656,999.606506347656,,,5.55800247192383,,1,0,0,0,0.0138092041015625,26.881721496582,2,1,1,48.3511238098145,0,48.5946515890268,,,0.0030364177732975,9.10068720464592E-5,0.00319046336253464,9.12025702972142E-5,0.699138104915619,0.985835433006287,26.1408824920654,5.11281538009644,30,4,200,7.73157589719631E-5,-1.38357889652252,0.251973927021027,3,,,,,,,,,,,,,,,,
,3986571692.00732,47.6030368804932,999.606506347656,,,6,,,,27.2898402416359,,,10,,47.3724670410156,47.8428039550781,999.606506347656,999.606506347656,,,5.54375267028809,,1,0,0,0,0.0138092041015625,26.881721496582,2,1,1,47.3632698059082,0,47.6008365337665,,,0.00301494734399564,9.03944101033657E-5,0.00316906072799323,9.05906792553522E-5,0.698097944259644,0.985802233219147,26.1368103027344,0.000211551450775005,30,4,200,9.39621386351064E-5,-1.37762117385864,0.247756689786911,3,,,,,,,,,,,,,,,,
,3986571752.88318,46.5800285339355,999.606506347656,,,6,,,,27.2839760276612,,,10,,46.3386192321777,46.8261985778809,999.606506347656,999.606506347656,,,5.52931070327759,,1,0,0,0,0.0138092041015625,26.881721496582,2,1,1,46.3338584899902,0,46.584985439594,,,0.0029947390392896,8.97732667053404E-5,0.00314726592616323,8.99676748047113E-5,0.698610842227936,0.985804498195648,26.1329460144043,0,30,4,200,0.000244855211349204,-1.37159180641174,0.243465185165405,3,,,,,,,,,,,,,,,,
,3986571812.31525,45.5938873291016,999.606506347656,,,6,,,,27.2839760276612,,,10,,45.3501853942871,45.8429641723633,999.606506347656,999.606506347656,,,5.51418018341064,,1,0,0,0,0.0145721435546875,26.881721496582,2,1,1,45.3448104858398,0,45.5967250400119,,,0.00297378236208145,8.91772868044192E-5,0.00312641640410425,8.93716809673558E-5,0.697521865367889,0.985782206058502,26.1286849975586,0,30,4,200,0.000258570100413635,-1.36587405204773,0.239146366715431,3,,,,,,,,,,,,,,,,
,3986571871.98795,44.5945835113525,999.606506347656,,,6,,,,27.2839760276612,,,10,,44.349910736084,44.8445053100586,999.606506347656,999.606506347656,,,5.49850845336914,,1,0,0,0,0.0138092041015625,26.3929634094238,2,1,1,44.3446617126465,0,44.6034052813495,,,0.00295342552801928,8.85918987287395E-5,0.003105940112305,8.87864024924928E-5,0.696674406528473,0.985764682292938,26.1253280639648,5.11129426956177,30,4,200,0.000266206334345043,-1.35911691188812,0.236309081315994,3,,,,,,,,,,,,,,,,
,3986571931.87086,43.6058044433594,999.606506347656,,,6,,,,27.2839760276612,,,10,,43.3672027587891,43.8505783081055,999.606506347656,999.606506347656,,,5.48331689834595,,1,0,0,0,0.0145721435546875,25.4154453277588,2,1,1,43.3610305786133,0,43.6113140399639,,,0.00293312254594595,8.80098684307888E-5,0.00308556780653962,8.82039728543188E-5,0.695756375789642,0.985777974128723,26.1217231750488,0.540249586105347,30,4,200,0.000263777270447463,-1.35248804092407,0.233211904764175,3,,,,,,,,,,,,,,,,
,3986571992.49922,42.5854167938232,999.606506347656,,,6,,,,27.2786787942203,,,10,,42.3508796691895,42.8351402282715,999.606506347656,999.606506347656,,,5.46669721603394,,1,0,0,0,0.0138092041015625,26.881721496582,2,1,1,42.335693359375,0,42.5948507520888,,,0.00291330592939644,8.7407579270363E-5,0.00306441244191235,8.75991835406047E-5,0.696018934249878,0.985819876194,26.11741065979,8.80129337310791,30,4,200,0.000289326853817329,-1.34532487392426,0.230514660477638,3,,,,,,,,,,,,,,,,
,3986572052.29245,41.5936412811279,999.606506347656,,,6,,,,27.2786787942203,,,10,,41.3435096740723,41.8486862182617,999.606506347656,999.606506347656,,,5.44897985458374,,1,0,0,0,0.0138092041015625,27.8592376708984,2,1,1,41.3385963439941,0,41.6031140927915,,,0.00289415063159455,8.68603274225895E-5,0.00304524504516629,8.70512985704248E-5,0.695075988769531,0.985778450965881,26.1137065887451,0.000224602146772668,30,4,200,0.000248797470703721,-1.33802306652069,0.228480607271194,3,,,,,,,,,,,,,,,,
,3986572112.02329,40.5945720672607,999.606506347656,,,6,,,,27.2786787942203,,,10,,40.3642921447754,40.8419876098633,999.606506347656,999.606506347656,,,5.43273115158081,,1,0,0,0,0.0138092041015625,26.3929634094238,2,1,1,40.3471565246582,0,40.5975183340219,,,0.00287481825922549,8.63037918290113E-5,0.00302577226839435,8.64947301305868E-5,0.694263339042664,0.98576420545578,26.1105251312256,0.000228388875257224,30,4,200,0.000255857448792085,-1.33177149295807,0.225556582212448,3,,,,,,,,,,,,,,,,
,3986572172.0533,39.6009941101074,999.606506347656,,,6,,,,27.2786787942203,,,10,,39.3694000244141,39.8497200012207,999.606506347656,999.606506347656,,,5.41422986984253,,1,0,0,0,0.0138092041015625,26.3929634094238,2,1,1,39.3522682189941,0,39.6019780085637,,,0.00285537643309875,8.57482091789442E-5,0.00300632400224303,8.59387674080503E-5,0.69329309463501,0.985746324062347,26.106725692749,5.10947418212891,30,4,200,0.000260096741840243,-1.3253048658371,0.22280678153038,3,,,,,,,,,,,,,,,,
,3986572231.66906,38.6048069000244,999.606506347656,,,6,,,,27.2786787942203,,,10,,38.3581161499023,38.8581809997559,999.606506347656,999.606506347656,,,5.3945894241333,,1,0,0,0,0.0145721435546875,26.881721496582,2,1,1,38.351432800293,0,38.6075192964994,,,0.00283641690848006,8.52048588226866E-5,0.00298733357266063,8.53959027271266E-5,0.692392349243164,0.985739588737488,26.1031455993652,0.000237291533267125,30,4,200,0.000270710763288662,-1.31833815574646,0.220743432641029,3,,,,,,,,,,,,,,,,
,3986572292.12903,37.5985870361328,999.606506347656,,,6,,,,27.2727498124871,,,10,,37.3535766601562,37.8466529846191,999.606506347656,999.606506347656,,,5.37466621398926,,1,0,0,0,0.0138092041015625,26.881721496582,2,1,1,37.3505210876465,0,37.6030082702637,,,0.00281789569030929,8.46417056179462E-5,0.00296766629500967,8.48335878168435E-5,0.692629098892212,0.985846161842346,26.09814453125,0.000235768602578901,30,4,200,0.000264100235654041,-1.31093049049377,0.218724071979523,3,,,,,,,,,,,,,,,,
,3986572352.20842,36.5957336425781,999.606506347656,,,6,,,,27.2727498124871,,,10,,36.3635520935059,36.8338966369629,999.606506347656,999.606506347656,,,5.3539137840271,,1,0,0,0,0.0138092041015625,29.3255138397217,2,1,1,36.3575706481934,0,36.6029963860145,,,0.00279890452014626,8.40969593200954E-5,0.00294860950972228,8.42887978021592E-5,0.691732168197632,0.985917031764984,26.0945644378662,0,30,4,200,0.000248357362579554,-1.30419969558716,0.216433137655258,3,,,,,,,,,,,,,,,,
,3986572411.95852,35.6018981933594,999.606506347656,,,6,,,,27.2727498124871,,,10,,35.3668403625488,35.8443222045898,999.606506347656,999.606506347656,,,5.33170938491821,,1,0,0,0,0.0146484375,26.881721496582,2,1,1,35.3594741821289,0,35.6051312960111,,,0.00278098765303197,8.35792808730686E-5,0.0029304727543808,8.37704065182651E-5,0.691007614135742,0.985865235328674,26.0917186737061,0,30,4,200,0.0002512882638257,-1.29800355434418,0.213970437645912,3,,,,,,,,,,,,,,,,
,3986572472.4043,34.6017875671387,999.606506347656,,,6,,,,27.2727498124871,,,10,,34.3598403930664,34.8485679626465,999.606506347656,999.606506347656,,,5.30623054504395,,1,0,0,0,0.0138092041015625,26.881721496582,2,1,1,34.3550071716309,0,34.6060908282245,,,0.00276303625245015,8.30599711902204E-5,0.00291231093297587,8.32512620222853E-5,0.69029688835144,0.985845863819122,26.0889434814453,0,30,4,200,0.000237528060097247,-1.29222166538239,0.211059644818306,3,,,,,,,,,,,,,,,,
,3986572532.38042,33.6032733917236,999.606506347656,,,6,,,,27.2727498124871,,,10,,33.364803314209,33.8481330871582,999.606506347656,999.606506347656,,,5.28357839584351,,1,0,0,0,0.0138092041015625,27.3704795837402,2,1,1,33.3584136962891,0,33.6045430990366,,,0.00274485239739311,8.25317548917587E-5,0.00289381384472429,8.27223490015094E-5,0.68964421749115,0.985925078392029,26.0863170623779,0,30,4,200,0.000243449161644094,-1.28643405437469,0.208110734820366,3,,,,,,,,,,,,,,,,
,3986572592.98594,32.5939159393311,999.606506347656,,,6,,,,27.2676235078174,,,10,,32.3497886657715,32.8419342041016,999.606506347656,999.606506347656,,,5.25870275497437,,1,0,0,0,0.0145721435546875,26.881721496582,2,1,1,32.3458976745605,0,32.5998774937221,,,0.00272781178569602,8.20031000174908E-5,0.00287520151999781,8.21901735080636E-5,0.690222680568695,0.986027896404266,26.083381652832,0,30,4,200,0.000244789785938337,-1.28002512454987,0.205569803714752,3,,,,,,,,,,,,,,,,
,3986572652.59629,31.5978422164917,999.606506347656,,,6,,,,27.2676235078174,,,10,,31.3570194244385,31.8441429138184,999.606506347656,999.606506347656,,,5.23249864578247,,1,0,0,0,0.0138092041015625,26.3929634094238,2,1,1,31.351541519165,0,31.6063160366482,,,0.00271067121302445,8.15127232536509E-5,0.00285805607808728,8.17001955936468E-5,0.68933379650116,0.985935628414154,26.0799350738525,0,30,4,200,0.00023641723964829,-1.27429139614105,0.203276872634888,3,,,,,,,,,,,,,,,,
,3986572712.37605,30.6081295013428,999.606506347656,,,6,,,,27.2676235078174,,,10,,30.3666725158691,30.8495864868164,999.606506347656,999.606506347656,,,5.20538520812988,,1,0,0,0,0.0138092041015625,27.3704795837402,2,1,1,30.3666725158691,0,30.6115426663999,,,0.00269339531063694,8.10127229010392E-5,0.00284054423133575,8.11995340759577E-5,0.688633382320404,0.98596864938736,26.0771465301514,0.000253851874731481,30,4,200,0.000241443834966049,-1.2687600851059,0.200222685933113,3,,,,,,,,,,,,,,,,
,3986572772.64633,29.6081485748291,999.606506347656,,,6,,,,27.2676235078174,,,10,,29.3704051971436,29.8458919525146,999.606506347656,999.606506347656,,,5.17606353759766,,1,0,0,0,0.0145721435546875,27.3704795837402,2,1,1,29.3704051971436,0,29.608981866103,,,0.002676125259332,8.05135356504705E-5,0.00282306822385465,8.06999566074326E-5,0.687905669212341,0.986011326313019,26.074239730835,0,30,4,200,0.000237472078879364,-1.26315653324127,0.197588682174683,3,,,,,,,,,,,,,,,,
,3986572833.44308,28.5973129272461,999.606506347656,,,6,,,,27.2676235078174,,,10,,28.3630409240723,28.8413715362549,999.606506347656,999.606506347656,,,5.14529800415039,,1,0,0,0,0.0138092041015625,27.3704795837402,2,1,1,28.3532543182373,0,28.6041574831362,,,0.00265929226108522,8.00244145033108E-5,0.0028059370230768,8.02102791415595E-5,0.687280774116516,0.98598575592041,26.0717868804932,,30,4,200,0.000228864999371581,-1.25771844387054,0.194793626666069,3,,,,,,,,,,,,,,,,
,3986572893.52294,27.6054859161377,999.606506347656,,,6,,,,27.2676235078174,,,10,,27.3672828674316,27.848575592041,999.606506347656,999.606506347656,,,5.1111798286438,,1,0,0,0,0.0145721435546875,27.8592376708984,2,1,1,27.3623962402344,0,27.6045398712158,,,0.00264266695267394,7.95410828611676E-5,0.00278903875717784,7.9727171309397E-5,0.686665058135986,0.98600834608078,26.0693492889404,5.10581541061401,30,4,200,0.000245540373725817,-1.25200116634369,0.192463368177414,3,,,,,,,,,,,,,,,,
,3986572953.60159,26.6036558151245,999.606506347656,,,6,,,,27.2676235078174,,,10,,26.3685073852539,26.8463706970215,999.606506347656,999.606506347656,,,5.0795521736145,,1,0,0,0,0.0145721435546875,26.881721496582,2,1,1,26.3609409332275,0,26.6124777617278,,,0.00262576553939195,7.90679465436807E-5,0.0027725078897208,7.92546988385561E-5,0.685373902320862,0.985959649085999,26.0642700195313,0.235824927687645,30,4,200,0.000238450462347828,-1.24656200408936,0.190021961927414,3,,,,,,,,,,,,,,,,
,3986573013.85054,25.6102743148804,999.606506347656,,,6,,,,27.2619611620195,,,10,,25.3712272644043,25.8493213653564,999.606506347656,999.606506347656,,,5.04340171813965,,1,0,0,0,0.0138092041015625,26.881721496582,2,1,1,25.3673877716064,0,25.6153072781033,,,0.00261093131651807,7.85964282863726E-5,0.00275598805122275,7.87824447191163E-5,0.686277985572815,0.985930681228638,26.0622329711914,0,30,4,200,0.000223894152441062,-1.241006731987,0.187763899564743,3,,,,,,,,,,,,,,,,
,3986573074.06139,24.6103057861328,999.606506347656,,,6,,,,27.2619611620195,,,10,,24.3746738433838,24.8530883789062,999.606506347656,999.606506347656,,,5.00480175018311,,1,0,0,0,0.0146484375,26.881721496582,2,1,1,24.3675231933594,0,24.6186662087074,,,0.00259448375481722,7.81150092905087E-5,0.00273912413030831,7.83002837530079E-5,0.685776352882385,0.986060619354248,26.0601444244385,0.000268186733592302,30,4,200,0.000239356202655472,-1.23525083065033,0.185386434197426,3,,,,,,,,,,,,,,,,
,3986573134.74183,23.6080474853516,999.606506347656,,,6,,,,27.2619611620195,,,10,,23.3775272369385,23.85546875,999.606506347656,999.606506347656,,,4.96493911743164,,1,0,0,0,0.0145721435546875,26.881721496582,2,1,1,23.3606262207031,0,23.6083440047044,,,0.00257876683762232,7.76562621968883E-5,0.0027230489533235,7.78407482956165E-5,0.685241758823395,0.986046552658081,26.058048248291,0,30,4,200,0.000234714636462741,-1.22930252552032,0.183540657162666,3,,,,,,,,,,,,,,,,
,3986573195.17728,22.607123374939,999.606506347656,,,6,,,,27.2619611620195,,,10,,22.3682670593262,22.848611831665,999.606506347656,999.606506347656,,,4.92171573638916,,1,0,0,0,0.0145721435546875,26.3929634094238,2,1,1,22.3656349182129,0,22.6128162807888,,,0.0025633629449439,7.7204989917588E-5,0.00270725920948897,7.738938590175E-5,0.684775412082672,0.986051321029663,26.0562210083008,0.000273585232207552,30,4,200,0.00024584011407569,-1.22360301017761,0.18198961019516,3,,,,,,,,,,,,,,,,
,3986573255.40999,21.6088447570801,999.606506347656,,,6,,,,27.2619611620195,,,10,,21.3783302307129,21.847053527832,999.606506347656,999.606506347656,,,4.876549243927,,1,0,0,0,0.0146484375,26.881721496582,2,1,1,21.3706359863281,0,21.6154086773212,,,0.0025484891928318,7.67687315426494E-5,0.00269197944581175,7.6952607529358E-5,0.684340000152588,0.986054420471191,26.0544910430908,0.00027593711274676,30,4,200,0.000236370920902118,-1.21816253662109,0.180127531290054,3,,,,,,,,,,,,,,,,
,3986573316.02451,20.6078090667725,999.606506347656,,,6,,,,27.2619611620195,,,10,,20.3695011138916,20.8506450653076,999.606506347656,999.606506347656,,,4.82772493362427,,1,0,0,0,0.0146484375,26.881721496582,2,1,1,20.3649730682373,0,20.6110492119422,,,0.00253378183616023,7.63411530664949E-5,0.0026769990816142,7.65243855536287E-5,0.683763146400452,0.98604953289032,26.0521869659424,0.000279090309049934,30,4,200,0.000243655478698201,-1.21276319026947,0.178183332085609,3,,,,,,,,,,,,,,,,
,3986573376.83424,19.6056718826294,999.606506347656,,,6,,,,27.2619611620195,,,10,,19.3739070892334,19.8428726196289,999.606506347656,999.606506347656,,,4.77533578872681,,1,0,0,0,0.0145721435546875,26.881721496582,2,1,1,19.3684711456299,0,19.6104268294114,,,0.00251967173726434,7.59323608691723E-5,0.00266270151171779,7.61157147509275E-5,0.683149874210358,0.98597240447998,26.0498123168945,0.000283185625448823,30,4,200,0.000238494132645428,-1.2074579000473,0.17687301337719,3,,,,,,,,,,,,,,,,
,3986573437.10975,18.6188468933105,999.606506347656,,,6,,,,27.2619611620195,,,10,,18.3896503448486,18.8575115203857,999.606506347656,999.606506347656,,,4.71878242492676,,1,0,0,0,0.0145721435546875,26.881721496582,2,1,1,18.3801822662354,0,18.6296595059908,,,0.00250617573414048,7.55378958898561E-5,0.00264888346797051,7.57207298210187E-5,0.68269008398056,0.985962510108948,26.0479850769043,5.10372257232666,30,4,200,0.000240526787820272,-1.20242476463318,0.175230711698532,3,,,,,,,,,,,,,,,,
,3986573499.10665,17.5945854187012,999.606506347656,,,6,,,,27.2619611620195,,,10,,17.3486785888672,17.8470191955566,999.606506347656,999.606506347656,,,4.65737342834473,,1,0,0,0,0.0145721435546875,26.3929634094238,2,1,1,17.3421516418457,0,17.599254043014,,,0.00249300923737116,7.51529097956185E-5,0.00263540917653076,7.53355732485621E-5,0.68224310874939,0.985943794250488,26.0462303161621,0,30,4,200,0.000228586912271567,-1.1978405714035,0.173366263508797,3,,,,,,,,,,,,,,,,
,3986573559.19557,16.612060546875,999.606506347656,,,6,,,,27.2619611620195,,,10,,16.373498916626,16.8548984527588,999.606506347656,999.606506347656,,,4.59220838546753,,1,0,0,0,0.0145721435546875,26.3929634094238,2,1,1,16.3692226409912,0,16.6122126946082,,,0.00248102801461231,7.48008504142983E-5,0.00262309156027584,7.49834864325182E-5,0.681899547576904,0.985952258110046,26.0449085235596,5.10342121124268,30,4,200,0.000230003803153522,-1.1936457157135,0.171562343835831,3,,,,,,,,,,,,,,,,
,3986573619.79232,15.6176066398621,999.606506347656,,,6,,,,27.256665491115,,,10,,15.3834676742554,15.8567800521851,999.606506347656,999.606506347656,,,4.52021026611328,,1,0,0,0,0.0138092041015625,27.8592376708984,2,1,1,15.3784332275391,0,15.6241853855274,,,0.00247090186007455,7.44680996066294E-5,0.00261130642575021,7.4646602282035E-5,0.682942867279053,0.98593944311142,26.0436935424805,0,30,4,200,0.000225478215725161,-1.18959426879883,0.170003339648247,3,,,,,,,,,,,,,,,,
,3986573681.90974,14.6052341461182,999.606506347656,,,6,,,,27.256665491115,,,10,,14.370626449585,14.8507213592529,999.606506347656,999.606506347656,,,4.43961811065674,,1,0,0,0,0.0138092041015625,26.881721496582,2,1,1,14.3597469329834,0,14.6121777428521,,,0.00246037407534892,7.41590242328957E-5,0.0026004948136467,7.43375207558659E-5,0.68262791633606,0.985934734344482,26.0424327850342,1,30,4,200,0.000230331294005737,-1.1851567029953,0.168882355093956,3,,,,,,,,,,,,,,,,
,3986573742.09082,13.6261858940125,999.606506347656,,,6,,,,27.256665491115,,,10,,13.3997974395752,13.8611793518066,999.606506347656,999.606506347656,,,4.35459995269775,,1,0,0,0,0.0138092041015625,27.3704795837402,2,1,1,13.3911924362183,0,13.6287323511564,,,0.00245147705968807,7.39001094024164E-5,0.00259143212302078,7.40784492805242E-5,0.682273209095001,0.98593658208847,26.0410633087158,0.000288203038508072,30,4,200,0.000237416490563191,-1.1825555562973,0.167383655905724,3,,,,,,,,,,,,,,,,
,3986573803.89096,12.6172637939453,999.606506347656,,,6,,,,27.256665491115,,,10,,12.3949737548828,12.8480224609375,999.606506347656,999.606506347656,,,4.25878238677978,,1,0,0,0,0.0138092041015625,26.881721496582,2,1,1,12.3865051269531,0,12.6237756288969,,,0.00244374652280723,7.36746837977579E-5,0.0025835327070631,7.38526243696629E-5,0.681981861591339,0.985971391201019,26.0398941040039,0,30,4,200,0.000234635139349848,-1.17982065677643,0.166153565049171,3,,,,,,,,,,,,,,,,
,3986573865.73134,11.6201567649841,999.606506347656,,,6,,,,27.256665491115,,,10,,11.3904981613159,11.8568906784058,999.606506347656,999.606506347656,,,4.15353345870972,,1,0,0,0,0.0138092041015625,27.3704795837402,2,1,1,11.3834228515625,0,11.6219359544607,,,0.00243760939596885,7.34959051262178E-5,0.0025772772859837,7.36738285899655E-5,0.681741893291473,0.985953509807587,26.0389385223389,0.000291079806629568,30,4,200,0.000242481837631203,-1.17768466472626,0.165180549025536,3,,,,,,,,,,,,,,,,
,3986573927.30113,10.6270713806152,999.606506347656,,,6,,,,27.256665491115,,,10,,10.4004955291748,10.8610410690308,999.606506347656,999.606506347656,,,4.03306245803833,,1,0,0,0,0.0138092041015625,26.881721496582,2,1,1,10.3931016921997,0,10.6346278014006,,,0.00243328369995726,7.33698537995631E-5,0.00257288470653386,7.35482475086746E-5,0.681572735309601,0.985944628715515,26.038257598877,5.10276937484741,30,4,200,0.00024211908748839,-1.17545366287231,0.165149807929993,3,,,,,,,,,,,,,,,,
,3986573996.5536,9.56292009353638,999.606506347656,,,6,,,,27.256665491115,,,10,,9.32519721984863,9.80617523193359,999.606506347656,999.606506347656,,,3.99958896636963,,1,0,0,0,0.0138092041015625,26.881721496582,6,1,1,9.31291389465332,0,9.56462871111356,,,0.0024308123247756,7.32928305514706E-5,0.00257016527635383,7.34704920990338E-5,0.681670129299164,0.985985815525055,26.0386295318604,8.75747203826904,30,4,200,0.000228018849156797,-1.1748263835907,0.164421826601028,3,,,,,,,,,,,,,,,,
,3986574054.02665,8.62894153594971,999.606506347656,,,6,,,,27.256665491115,,,10,,8.40954399108887,8.85355186462402,999.606506347656,999.606506347656,,,3.92220544815063,,1,0,0,0,0.0146484375,26.3929634094238,6,1,1,8.40433120727539,0,8.6342258820167,,,0.00243058416258101,7.32805348580018E-5,0.00256970182664939,7.3457255954722E-5,0.681879162788391,0.985980749130249,26.0394306182861,0.000290019117528573,30,4,200,0.000242866241023876,-1.17472958564758,0.164128437638283,3,,,,,,,,,,,,,,,,
,3986574116.94055,7.62485909461975,999.606506347656,,,6,,,,27.256665491115,,,10,,7.41104459762573,7.85869169235229,999.606506347656,999.606506347656,,,3.7830662727356,,1,0,0,0,0.0138092041015625,28.3479976654053,6,1,1,7.39102649688721,0,7.6274360876817,,,0.00243206634703805,7.33217052067232E-5,0.00257116891717985,7.3499171578914E-5,0.682014346122742,0.985993981361389,26.040002822876,0.000289204152068123,30,4,200,0.000251941877650097,-1.17496311664581,0.164504513144493,3,,,,,,,,,,,,,,,,
,3986574179.22128,6.63011193275452,999.606506347656,,,6,,,,27.256665491115,,,10,,6.41133689880371,6.86153078079224,999.606506347656,999.606506347656,,,3.61156129837036,,1,0,0,0,0.0138092041015625,26.3929634094238,6,1,1,6.3986930847168,0,6.63090438109178,,,0.00243581359146717,7.34322748625104E-5,0.00257504155993131,7.36098670624689E-5,0.682106673717499,0.985997796058655,26.0403614044189,0,30,4,200,0.000258934189332649,-1.17567837238312,0.165769651532173,3,,,,,,,,,,,,,,,,
,3986574242.35497,5.63822484016418,999.606506347656,,,6,,,,27.256665491115,,,10,,5.41716146469116,5.86359930038452,999.606506347656,999.606506347656,,,3.40364193916321,,1,0,0,0,0.0145721435546875,26.3929634094238,6,1,1,5.41285037994385,0,5.64003570263202,,,0.00244205921131301,7.36169009107936E-5,0.0025815001258769,7.37945257760988E-5,0.682247877120972,0.985978662967682,26.0409202575684,8.75931358337402,30,4,200,0.000261889334069565,-1.17676723003387,0.167915672063828,3,,,,,,,,,,,,,,,,
,3986574312.46685,5.00116872787476,999.606506347656,,,6,,,,27.256665491115,,,10,,4.99787950515747,5.00200271606445,999.606506347656,999.606506347656,,,3.28842806816101,,1,0,0,0,0.0138092041015625,26.881721496582,5,1,1,5.00134706497192,0,5.00009784331689,,,0.00244774275386627,7.37863073560099E-5,0.00258742683379038,7.39639000486352E-5,0.682321548461914,0.986017286777496,26.0411911010742,0,30,4,200,0.000216711487155408,-1.17837190628052,0.169059172272682,3,,,,,,,,,,,,,,,,
